每幅图像的标定误差：
第1幅图像的平均误差：0.0573506像素
第2幅图像的平均误差：0.0625037像素
第3幅图像的平均误差：0.0445467像素
总体平均误差：0.0548003像素

相机内参数矩阵：
[4411.284269204316, 0, 2146.541363502702;
 0, 4408.725004843478, 2825.522181211199;
 0, 0, 1]

畸变系数：
[0.3033846496141953, -2.077983069794774, -1.965276621089637e-05, -0.0004448347014582709, 4.309161244530205]


第1幅图像的旋转向量：
[22.34094219002609;
 -24.54887879131901;
 184.144842578034]
第1幅图像的旋转矩阵：
[0.198232948699978, 0.954105973275059, 0.2244671241196901;
 -0.9795884473137935, 0.2006381067585667, 0.0122810425326645;
 -0.03331924277445454, -0.2223199088637597, 0.9744042724576625]
第1幅图像的平移向量：
[0.2416554673263649;
 2.629047006657927;
 0.2314146785860501]

第2幅图像的旋转向量：
[37.47761066412238;
 -65.15548011359398;
 223.2746156531086]
第2幅图像的旋转矩阵：
[-0.948881468003611, -0.118462205056992, 0.2925588242599213;
 -0.05747867734421043, -0.8465441597025449, -0.529206186022303;
 0.3103548957726823, -0.5189698369332725, 0.7964610141264792]
第2幅图像的平移向量：
[-0.5201378518968184;
 2.442656376923203;
 -0.1147277199998627]

---------------------------------------
第2个相机对第一个相机的旋转矩阵
[1, 0, 8.326672684688674e-17;
 0, 1, -1.110223024625157e-16;
 0, 5.551115123125783e-17, 1]
第2个相机对第一个相机的平移向量
[0.6436647949033707;
 0.3847554700000775;
 -0.415384097278425]
---------------------------------------
第3幅图像的旋转向量：
[-11.88935845514417;
 21.88202143158682;
 189.2705212638922]
第3幅图像的旋转矩阵：
[-0.7348616597617733, -0.6775241924038989, -0.03064816013427472;
 0.6526580554606279, -0.71873432830994, 0.2397048767781149;
 -0.1844337378424118, 0.1561471550054752, 0.9703619233714669]
第3幅图像的平移向量：
[2.92083816196169;
 0.64972307607478;
 -0.2064255295679025]

---------------------------------------
第3个相机对第一个相机的旋转矩阵
[1, 9.540979117872439e-18, 6.938893903907228e-18;
 -8.673617379884035e-19, 1, 0;
 -2.081668171172169e-17, -2.775557561562891e-17, 1]
第3个相机对第一个相机的平移向量
[-0.6143697973979514;
 3.066245790315878;
 -1.228060945842744]
---------------------------------------

